Entering recovery mode, starting command prompt
] hexdump 0xbf100000 0x60
0xbf100000: 82 00 00 00 03 00 00 00 05 00 00 00 07 00 00 00 
0xbf100010: 03 00 00 00 02 00 00 00 02 00 00 00 02 00 00 00 
0xbf100020: 02 00 00 00 02 00 00 00 03 00 00 00 01 00 00 00 
0xbf100030: 01 00 00 00 02 00 00 00 30 00 00 00 00 00 00 00 
0xbf100040: 01 00 00 00 00 00 00 00 04 00 00 00 01 00 00 00 
0xbf100050: 18 00 00 00 18 00 00 00 18 00 00 00 01 00 00 00 

] hexdump 0xbf100060 0x60
0xbf100060: 04 00 00 00 00 00 00 00 0f 00 00 00 03 00 00 00 
0xbf100070: 01 00 00 00 00 00 00 00 0f 00 00 00 0f 00 00 00 
0xbf100080: 00 00 00 00 0f 00 00 00 00 00 00 00 00 00 00 00 
0xbf100090: 00 00 00 00 00 00 00 00 0f 00 00 00 00 00 00 00 
0xbf1000a0: 00 00 00 00 00 00 00 00 00 00 00 00 00 00 00 00 
0xbf1000b0: 00 00 00 00 00 00 00 00 00 00 00 00 00 00 00 00 

] hexdump 0xbf1000c0 0x60
0xbf1000c0: 00 00 00 00 00 00 00 00 00 00 00 00 00 00 00 00 
0xbf1000d0: 00 00 00 00 00 00 00 00 0f 00 00 00 0f 00 00 00 
0xbf1000e0: 00 00 00 00 0f 00 00 00 0f 00 00 00 0f 00 00 00 
0xbf1000f0: 0f 00 00 00 0f 00 00 00 0f 00 00 00 00 00 00 00 
0xbf100100: 00 00 00 00 00 00 00 00 0f 00 00 00 0f 00 00 00 
0xbf100110: 0f 00 00 00 0f 00 00 00 00 00 00 00 00 00 00 00 

] hexdump 0xbf100120 0x60
0xbf100120: 00 00 00 00 0f 00 00 00 0f 00 00 00 00 00 00 00 
0xbf100130: 00 00 00 00 0f 00 00 00 00 00 00 00 0f 00 00 00 
0xbf100140: 00 00 00 00 00 00 00 00 00 00 00 00 10 00 00 00 
0xbf100150: 10 00 00 00 10 00 00 00 01 00 00 00 00 00 00 00 
0xbf100160: 00 00 00 00 00 00 00 00 00 00 00 00 00 00 00 00 
0xbf100170: 00 00 00 00 00 00 00 00 08 00 00 00 83 00 00 00 

] hexdump 0xbf100180 0x60
0xbf100180: 21 00 00 00 ac 00 00 00 6e 00 00 00 a0 00 00 00 
0xbf100190: 36 00 00 00 74 00 00 00 00 00 00 00 04 00 00 00 
0xbf1001a0: 00 00 00 00 00 00 00 00 00 00 00 00 00 00 00 00 
0xbf1001b0: 00 00 00 00 00 00 00 00 00 00 00 00 00 00 00 00 
0xbf1001c0: 00 00 00 00 00 00 00 00 00 00 00 00 00 00 00 00 
0xbf1001d0: 00 00 00 00 00 00 00 00 00 00 00 00 00 00 00 00 
